  -3.14159	  -0.00000
  -3.07876	  -0.06279
  -3.01593	  -0.12533
  -2.95310	  -0.18738
  -2.89027	  -0.24869
  -2.82743	  -0.30902
  -2.76460	  -0.36812
  -2.70177	  -0.42578
  -2.63894	  -0.48175
  -2.57611	  -0.53583
  -2.51327	  -0.58779
  -2.45044	  -0.63742
  -2.38761	  -0.68455
  -2.32478	  -0.72897
  -2.26195	  -0.77051
  -2.19911	  -0.80902
  -2.13628	  -0.84433
  -2.07345	  -0.87631
  -2.01062	  -0.90483
  -1.94779	  -0.92978
  -1.88496	  -0.95106
  -1.82212	  -0.96858
  -1.75929	  -0.98229
  -1.69646	  -0.99211
  -1.63363	  -0.99803
  -1.57080	  -1.00000
  -1.50796	  -0.99803
  -1.44513	  -0.99211
  -1.38230	  -0.98229
  -1.31947	  -0.96858
  -1.25664	  -0.95106
  -1.19381	  -0.92978
  -1.13097	  -0.90483
  -1.06814	  -0.87631
  -1.00531	  -0.84433
  -0.94248	  -0.80902
  -0.87965	  -0.77051
  -0.81681	  -0.72897
  -0.75398	  -0.68455
  -0.69115	  -0.63742
  -0.62832	  -0.58779
  -0.56549	  -0.53583
  -0.50265	  -0.48175
  -0.43982	  -0.42578
  -0.37699	  -0.36812
  -0.31416	  -0.30902
  -0.25133	  -0.24869
  -0.18850	  -0.18738
  -0.12566	  -0.12533
  -0.06283	  -0.06279
   0.00000	   0.00000
   0.06283	   0.06279
   0.12566	   0.12533
   0.18850	   0.18738
   0.25133	   0.24869
   0.31416	   0.30902
   0.37699	   0.36812
   0.43982	   0.42578
   0.50265	   0.48175
   0.56549	   0.53583
   0.62832	   0.58779
   0.69115	   0.63742
   0.75398	   0.68455
   0.81681	   0.72897
   0.87965	   0.77051
   0.94248	   0.80902
   1.00531	   0.84433
   1.06814	   0.87631
   1.13097	   0.90483
   1.19381	   0.92978
   1.25664	   0.95106
   1.31947	   0.96858
   1.38230	   0.98229
   1.44513	   0.99211
   1.50796	   0.99803
   1.57080	   1.00000
   1.63363	   0.99803
   1.69646	   0.99211
   1.75929	   0.98229
   1.82212	   0.96858
   1.88496	   0.95106
   1.94779	   0.92978
   2.01062	   0.90483
   2.07345	   0.87631
   2.13628	   0.84433
   2.19911	   0.80902
   2.26195	   0.77051
   2.32478	   0.72897
   2.38761	   0.68455
   2.45044	   0.63742
   2.51327	   0.58779
   2.57611	   0.53583
   2.63894	   0.48175
   2.70177	   0.42578
   2.76460	   0.36812
   2.82743	   0.30902
   2.89027	   0.24869
   2.95310	   0.18738
   3.01593	   0.12533
   3.07876	   0.06279
